172736513 2148775492 43.07100921904051
729715371 653810625 7.662833071814949
729715371 482708534 22.683440232516972
172736519 172736513 49.7530212041586
172736522 2148775501 51.205953181138995
5583420759 5583420758 19.44944089826355
172736525 2148775506 46.1701384417273
172736525 1710227112 34.0707723848678
5843824962 172767270 54.63175030501425
5843824962 172767273 68.18320831177458
172736529 172736525 33.49795427705115
172736536 172145241 54.13361367038252
172736542 172736536 91.10560395017728
5583420763 482714303 12.377583315202463
5583420763 5583420762 13.621809857335077
5583420763 482714306 16.782029312548843
5583420742 5538678211 7.888929678848507
172134437 2148775536 17.70929591095769
172134439 172134441 17.409415258797303
172134441 172134444 17.600484578661685
172736555 172141444 39.96318159619021
172134444 172134447 40.75087683155745
172736558 172736555 40.58165947597434
172134447 172134450 63.75682965332066
172736560 172736558 53.60728194378451
172134450 172134452 27.963417846578167
172736563 172736560 68.55389583807609
172134452 172134454 29.742538592181447
172134454 172134456 18.551152142687325
172736567 172736563 46.109883061824206
172134456 172134460 20.958772163955842
172736570 172736567 45.155070971793116
172134460 172134462 22.873907036776238
172736573 172736570 53.914553162736595
172134462 172134465 27.286241486500685
172134465 172134468 32.67097356631474
172134468 172134471 27.72166069775916
2147643716 1710228276 35.892597808652525
172134471 172134474 26.19160728452504
4565612429 5423858634 35.44162588541956
4565612429 6052092313 10.843053525025326
172134474 1710227772 43.792588202799024
172736588 172415336 118.05425505656616
172736588 2148775548 19.37258364161783
172736591 2148775565 50.28210870673796
5727996234 1833752411 25.885211452374318
1710227543 5377253519 106.61018674893032
1710227545 172141442 11.873395783709498
172359775 172497451 24.449471461543535
172359775 172497453 23.44481547168013
5583420744 482714254 5.46172151308314
6052092344 3627440193 17.81581862540638
4565612430 5423858634 13.589979972722197
4565612430 4565612431 334.80360889808776
1710227572 1710227591 68.15418083639523
5583420745 5583420744 5.850801693901719
6052092345 3627440085 9.56153781841836
4565612431 4565612430 334.80360889808776
4565612431 4565612432 49.34203969988885
4565612431 4565612434 77.47080349281445
3702888470 3702888471 16.898556883072022
1710227591 1710227695 67.28074857929396
3702888471 3702888472 22.45789327348422
5377253517 1710227198 52.49447783615716
5377253517 172358781 15.233716265043205
5377253518 5828404111 99.84542931875527
3702888472 3702888473 47.750531641304185
3702888473 3702888474 30.175953407519593
4565612432 4565612431 49.34203969988885
4565612432 4565612433 83.48152338619938
3702888475 3702888476 9.949592337617167
172368047 172368048 40.94605000144657
2147643744 2147643754 45.094025763478825
3799202627 2147643893 11.831862336684843
172657353 1710227169 31.659158714544517
172657353 172657356 30.150273614761904
4565612433 4565612432 83.48152338619938
482714315 5583420766 26.049237794356124
4565612434 4565612431 77.47080349281445
4565612434 4565612435 55.07136694696586
5189402850 1710227812 15.366521903708387
5189402850 5189366109 9.891085258891728
1710227686 1710227543 84.43575435992261
5189402855 1710228131 16.48267309528086
5189402855 5189366115 5.25601380881797
1710227495 1710227572 58.94325883899974
1710227495 1710227545 52.10110288652196
3643273454 2147643887 28.48741389142604
1710227695 1710227725 65.85974554975306
3643273456 5649274487 46.109570119998835
3643273457 3643273454 140.01092327317093
3643273458 5649274509 22.53897987247196
5189402869 5189367032 4.99312938041158
5189402870 2147643764 17.742919209693206
5189402874 5189367038 10.153562681590923
5189402875 2147643829 14.990138837138488
4565612435 4565612434 55.07136694696586
4565612435 4565612436 37.61342046487967
5933125889 801862667 35.125976652235735
5933125890 4370141962 35.744375352836265
5189402883 5189367046 10.905583481148168
5189402884 2147643917 45.10387815509763
172263260 172263257 80.269471135085
172263260 172263262 26.21634619618826
1710227725 1710227741 54.093814892854546
5189366030 1710227812 90.17548143233839
5189366031 1710228131 91.8776197002888
5189366032 5189366031 86.70930825283928
5189366033 2147643799 54.661846893500424
5189366034 2147643802 79.35627174443515
5189366035 2147643776 75.34918426440963
5189366036 2147643841 220.6513147134867
5189366037 172358831 40.73334119979393
5377253423 172358781 15.943119829607395
1710227741 1710227762 65.3036434088311
5423857712 4614310477 6.318435064731199
5616812322 5616812327 69.48742701617914
5616812323 5616812358 26.87202594797501
5616812327 5616812341 92.3423377731902
5583420760 482714309 12.217561424416068
5616812332 5616812344 116.93667428481955
5616812335 5616812326 63.367679184743096
5616812336 172199628 112.4490219884703
729710897 729711933 27.2745018950724
729710897 482708528 52.10441310467254
1710227762 2148775539 103.84912720510687
1710227764 5850641325 64.01723795692516
1710227764 5189366101 180.32053753588522
5616812341 5616812332 47.60760455482361
5616812343 172890963 67.78722000210063
5616812344 5616812360 19.715221822834653
1710227770 1710227764 53.976089041632925
1710227772 1710227774 28.027462626104093
1710227774 1710227932 377.94849214917224
1710227776 1710227770 44.46025927552624
5616812354 773021608 18.230063552353517
5616812354 5616812352 47.78623712411936
2147643715 1710228276 19.91324184727624
2147643715 2147643720 76.67878254722265
172130628 172415347 12.30515995919532
172130628 172415351 11.954058916925195
2129659958 172228419 6.38391957301708
2129659958 172228421 21.534799574276043
5616812358 5616812322 73.8128293660625
2147643719 172175854 40.950879916010166
2147643720 2147643724 105.59644331856427
2147643721 2147643723 79.57809919643277
2147643722 2147643715 126.73571554420336
2147643723 172189019 118.58401824030015
2147643724 2147643745 166.31945318319936
2147643725 2147643722 56.05740736735342
2147643726 172175851 86.85740790121996
1710227791 1710227785 38.157899970138416
2147643729 2147643725 20.250297894882568
2147643730 2147643726 42.80712516655342
2147643731 2147643734 19.127588482186564
2147643732 172767224 11.414984191115103
5189366101 1710227686 4.512762556344252
2147643734 2147643739 13.129270657863836
2147643737 2147643729 37.904617557007356
2147643738 2147643732 23.70276506999556
2147643739 2147643743 24.725363010529907
2147643740 2147643730 59.61236401547906
2147643741 482714338 11.678393759672732
1710227806 1710227791 40.951013938470794
2147643743 2147643748 25.569221197553343
2147643743 2147643740 25.33564422960013
1710227808 5850641307 5.3495994280447485
1710227808 172767313 7.043056288484987
2147643745 2147643748 16.172706240503732
2147643746 2147643737 44.02292549034701
2147643747 172175848 15.687334138330549
1710227812 5189402850 15.366521903708387
1710227812 1710227806 25.69099380465348
1710227812 172739457 17.712610411549353
2147643751 2147643741 50.23133273612484
2147643753 172175848 26.85362417852273
2147643753 2147643781 152.28086679486088
2147643754 2147643758 6.708476021979842
2147643757 2147643753 15.876079516045854
2147643758 5189366035 17.612477924100986
2147643758 5189367033 17.65504216392798
2147643759 5189402869 17.704612636801134
2147643759 2147643746 37.147796704031656
2147643760 5828705031 2.5964145407898815
2147643763 2147643759 4.747106831646661
2147643764 2147643766 1.0171667710174526
2147643764 2147643759 13.30563003398904
2147643765 2147643771 49.97047638592296
2147643766 2147643773 78.51858676221102
2147643768 2147643764 16.88341051697136
2147643769 2147643757 37.84415199042607
2147643770 2147643747 103.98197130832867
2147643771 2147643780 29.72201758202264
2147643773 2147643779 12.647352921937829
2147643775 172192302 14.408163986917451
2147643776 5189366033 81.3159335059251
2147643778 2147643769 62.598366720045846
2147643779 5649274255 26.434174377622053
2147643779 172189016 11.006074566837912
2147643780 2147643786 48.48670038277774
2147643781 2147643792 99.50155460774961
2147643782 172192302 16.20541012366294
2147643782 2147643791 75.61017114282713
659793985 2148775524 69.84442935578198
659793985 653847329 27.794573175022297
2147643784 2147643768 101.86819684223042
2147643785 172739386 21.399095557375
2147643786 2147643787 3.737311659819337
2147643787 2147643790 24.475002759036133
2147643789 172175845 65.2648116065088
2147643790 2147643789 11.463024894193417
2147643790 2147643795 27.640069721702414
2147643791 2147643782 75.61017114282713
2147643791 2147643796 33.47127744461771
2147643792 2147643793 5.133329878158824
2147643793 2147643795 14.514076306527892
2147643794 2147643790 22.476927565731856
2147643794 172739383 23.668569796697348
2147643795 2147643807 75.51988061807047
2147643795 2147643800 20.790947841349425
2147643796 2147643791 33.47127744461771
2147643796 2147643801 22.443408030676224
1710227861 1710227801 175.7959160358851
2147643798 2147643794 19.692640186538924
2147643799 172872162 75.11013910202563
2147643800 2147643794 26.98428175390883
2147643800 2147643806 53.68368803928232
2147643801 2147643796 22.443408030676224
2147643801 2147643803 12.231796036141889
2147643802 2147643784 97.68632889144814
2147643803 2147643801 12.231796036141889
2147643803 2147643804 10.43057442828684
2147643804 2147643803 10.43057442828684
2147643804 2147643805 10.249656360087656
2147643805 2147643804 10.249656360087656
2147643805 2147643808 11.938472560672018
2147643806 2147643813 79.20899051750327
2147643807 2147643811 50.27377597719301
2147643808 2147643805 11.938472560672018
2147643808 2147643809 21.475165021734213
2147643809 2147643808 21.475165021734213
2147643809 2147643812 20.10864993876772
2147643811 2147643818 34.45758623971288
2147643812 2147643809 20.10864993876772
2147643812 2147643815 12.280193373605723
2147643815 2147643812 12.280193373605723
2147643815 2147643816 8.67809807251978
1710227880 172767286 32.61730990738605
1710227880 172767290 12.848308952386006
2147643817 172175842 119.12795089573798
2147643818 2147643822 23.35958435206991
2147643819 2147643816 8.464701568630286
2147643819 2147643820 12.794477508225656
2147643820 2147643819 12.794477508225656
2147643820 2147643822 17.432320224226014
2147643821 172358822 19.629112364939747
2147643822 2147643825 14.71270102528083
2147643822 2147643820 17.432320224226014
2147643824 172772208 18.738914740695108
2147643825 2147643827 19.02692791897713
2147643826 5189366034 107.17573760028723
2147643826 5189402874 16.981437109868352
2147643827 2147643832 16.75242780658288
2147643828 2147643826 6.417066785966614
2147643829 2147643826 19.92736278796121
2147643829 2147643831 7.305076960313063
2147643830 2147643828 6.416051080322831
2147643831 3799202634 98.46743845109165
2147643832 2147643836 21.891430962231297
2147643833 2147643829 19.849296638086305
2147643834 172772204 19.685611609856803
2147643836 2147643837 12.203071655364555
2147643837 2147643843 11.395331643530836
2147643839 2147643830 71.2470955623902
2147643841 2147643833 53.95973032273466
2147643843 2147643845 14.380885807755377
2147643843 172772199 45.68662826194768
2147643843 3799202613 58.0120476322995
2147643844 172358825 232.25178517885274
2147643845 2147643852 25.7941131713359
2147643846 172772199 12.080720216803982
2936164807 653846999 8.404497720236844
2936164807 5728138605 10.32287407849352
2936164807 172263265 30.29434610443412
2147643850 2147643839 68.74979640947326
2147643851 172772098 43.79623206330305
2147643852 2147643857 24.31984813737941
2147643855 2147643850 35.32646959203753
2147643856 172772191 17.39409802399368
2147643857 2147643867 25.708023570326667
2147643858 2147643862 12.911814339169581
2147643859 172192218 6.613067586473462
172192212 2147643868 12.561869114955066
172192212 2147643861 29.88084788678781
2147643861 2147643855 23.53969036706551
2147643862 2147643863 5.592537247758868
172192215 2147643859 8.200419162584893
2147643864 2147643861 7.785191186402663
2147643865 2147643864 8.125991918943008
172192218 172192220 14.126380404874801
172192218 2147643858 12.234026445808237
2147643867 2147643875 43.92714145460166
172192220 172192218 14.126380404874801
172192220 172192222 19.152473913364457
2147643869 2147643856 35.47646860600174
172192222 172192220 19.152473913364457
172192222 172192225 13.462672071437039
172192225 172192222 13.462672071437039
172192225 172192228 16.98918720151206
172192225 172192319 45.43297568226224
172175842 2147643800 23.16387168481743
2147643875 2147643883 58.62897879593733
172192228 172192225 16.98918720151206
172192228 5536955849 8.469473821487052
172175845 5828705038 5.626490106780373
2147643878 2147643873 29.941669098470868
172192231 5536955849 11.969322121269327
172192231 5649274248 47.611473516236096
2147643880 2147643878 23.786928226046648
482714364 1710228335 14.527833718872332
482714364 5538537817 28.181808253165045
2147643882 2147643880 29.60909754139405
172175851 2147643719 44.75630758063176
2147643884 2147643886 10.359239586783369
2147643885 2147643882 23.636102470924072
172175854 2147643716 34.12112526331487
172192239 172192237 18.14642061495497
172192239 172192243 10.379117210802992
172175856 2147643721 129.22694760202862
172175856 2147643715 47.280694865702216
2147643890 2147643894 9.807649578215308
2147643890 2147643892 21.056561628202175
172192243 172192239 10.379117210802992
172192243 172192246 8.107814184571797
2147643892 2147643887 13.854823875302351
2147643892 3643273458 30.497008951172507
2147643893 2147643885 22.265041597742893
2147643894 2147643900 15.98928852718187
172192249 172192246 18.25725557441355
172192249 172192252 9.230975317140349
2147643898 2147643897 5.491973015315927
2147643899 482708457 18.622270230567775
172192252 172192249 9.230975317140349
172192252 5649274234 11.544335487127473
2147643902 3799202627 14.08446217618974
172192257 172189016 9.23039836739731
172192257 5649274256 16.334615026815477
2147643906 2147643898 19.362864923188294
172192259 5649274256 24.54679964070674
172192259 5649274262 20.595434030717836
2147643909 2147643918 19.01699914548078
172192262 5649274262 10.432237487450028
172192262 172192265 9.58524005885136
2147643912 5189402883 44.21475268869713
2147643912 2147643907 28.440341174392806
172192265 172192262 9.58524005885136
172192265 172192268 17.879107471749926
172192268 172192265 17.879107471749926
172192268 172192271 9.004850408595516
2147643917 2147643912 12.952950674855645
2147643917 3702167398 158.4241740424585
2147643918 2147643925 20.523350305486833
172192271 172192268 9.004850408595516
172192271 172192274 17.866805853467707
172192274 172192271 17.866805853467707
172192274 172192276 8.76154314212537
172192276 172192274 8.76154314212537
172192276 172192278 16.03980210167909
2147643925 2147643939 22.366463989850264
172192278 172192276 16.03980210167909
172192278 172192281 8.057056265355623
2147643927 5538054038 2.021501428641051
784540185 172897163 31.37226302325697
784540185 172897165 5.231621651031366
729711131 653810709 13.317474736248432
729711131 482708533 15.825767746221729
172192284 172192281 8.075030882876538
172192284 172192287 13.734979839158665
2147643933 172772114 22.681273364272805
172192287 172192284 13.734979839158665
172192287 172192290 7.189737759414778
172773921 5423858449 7.106335745037285
172192290 172192287 7.189737759414778
172192290 172192293 7.517977316032595
2147643939 2147643950 21.74171755911616
172773924 172773921 20.119122259207156
172192293 172192290 7.517977316032595
172192293 172192296 16.404202503407447
6052092359 3627440213 12.404179126662477
172773927 172773924 25.519428785507305
172192296 172192293 16.404202503407447
172192296 172192299 13.319773034121862
172773930 172773927 22.096594793139115
172772103 172772108 33.532280887377816
172773933 172773930 25.502710911425513
172192302 5649274301 58.374290124068565
172192302 2147643778 18.569950861782843
172192302 2147643782 16.20541012366294
2355165277 4614310460 61.85263224153303
172773936 5727976708 25.3236127584185
3702846004 482708552 12.58688368328961
3702846004 3702846005 12.67654881153623
2147643957 2147643924 81.9686767437863
3702846006 3702846005 18.355239210760395
3702846006 3702846007 17.451848334034313
2147643959 2147643968 18.034726616958526
2147643960 2147643951 21.63036801300122
4370141962 172358849 87.55618414231402
3702846014 3702846008 12.084694929000724
3702846014 482708555 25.261325818468485
172192319 172192225 45.43297568226224
172192319 172192322 10.293214148790938
2147643968 2147643974 19.684345321710758
172192322 172192319 10.293214148790938
172192322 172192325 12.515688213776947
6052092321 6009727223 9.100194445584432
172192325 172192322 12.515688213776947
172192325 172192328 14.227452022741824
2147643974 2147643985 20.45607555434442
172192328 172192325 14.227452022741824
172192328 172192331 28.919724218814782
172192331 172192328 28.919724218814782
172192331 5538245761 18.83796209364625
2147643980 2147643970 23.75138815381937
2147643984 172358830 81.26827597319723
2147643984 2147643976 16.17256648902818
172192337 5538245761 19.4043823726034
172192337 172192340 109.34039541968794
172192340 172192337 109.34039541968794
1710228238 1710228221 33.23671963678618
2147643990 2147643980 22.44840050946448
1710228055 1710228139 124.83696385566104
2147643992 2147644000 13.768480718763405
1710228060 482714256 78.72641753133718
1710228060 1710228034 12.659602229555944
2147644000 2147644004 15.484138567268426
2147644001 5538677913 11.186858096953262
2147644004 172391971 11.20119786826469
172225297 172225294 15.61427183311496
2147644009 2147644001 21.457016066985435
3709716379 172897173 69.30340073279608
3709716379 172897176 9.451871130574206
2147644013 2147644009 20.432351351643195
2147644016 2147644019 17.22121042007094
2147644018 2147644013 20.317802911979815
2147644019 2147644024 15.16605819795936
2147644023 2147644018 17.54467096772489
2147644024 2147644025 18.268852516076084
2147644025 2147644028 18.893052507164537
2147644026 2147644023 18.0948685842221
2147644028 2147644026 21.023640137297928
2147644034 172772151 14.511142782975801
4844546155 172263337 80.82751010682036
4844546155 172263342 91.07048766866488
482714250 172358816 173.94630068046197
482714250 5583420748 76.28577849941564
482714251 5538678220 2.684564420106209
2147644044 172505074 35.69429673571545
482714254 1710228010 24.36952103088911
482714254 5583420743 4.812282558214242
482714256 2148775544 10.986283627481171
482714256 1710228060 78.72641753133718
482714258 4370141953 41.091164084683065
482714258 2148775561 59.952317585350904
1710228115 172767267 3.935890602864195
1710228115 172767270 8.683396037950848
482714261 482714264 37.38237663437229
482714261 4370141953 42.65827574411145
482714264 482714266 37.987435124455864
482714264 482714261 37.38237663437229
482714266 5649396807 22.729034473742082
482714266 482714264 37.987435124455864
482714269 482714273 65.58900908449611
482714269 5649396807 28.864214018697226
482714273 482714276 27.05335437034584
482714273 482714269 65.58900908449611
1710228131 5189402855 16.48267309528086
1710228131 1710228008 95.60837687813469
482714276 482714279 27.51901287389234
482714276 482714273 27.05335437034584
5538678214 5538678229 2.5787892727686423
172668765 1825881080 59.39618222632946
2147644071 2147643984 153.04727390842297
172225308 172225306 15.897326154148313
482714282 5649396808 12.725333739443673
482714282 482714279 16.05937232200562
1710228139 2148775561 83.05473480285404
1710228139 1710228167 100.57994672090324
729711280 653810618 29.003809700643757
729711280 729711324 33.66258685615918
482714289 482714291 11.793004481732625
482714289 5649396808 23.634491399596754
482714291 482714294 39.978619549776546
482714291 482714289 11.793004481732625
172218927 172218930 46.92302492521966
482714294 482714297 29.469842779770392
482714294 482714291 39.978619549776546
5536955849 172192228 8.469473821487052
5536955849 172192231 11.969322121269327
482714297 482714301 33.64584964622094
482714297 482714294 29.469842779770392
482714301 482714303 39.68904957595342
482714301 482714297 33.64584964622094
482714303 5583420763 12.377583315202463
482714303 482714301 39.68904957595342
172225312 172225308 16.548369671690413
482714306 5583420764 12.853193293724196
482714309 5583420759 20.58288430372534
1710228167 1710228186 45.592493595762456
482714312 482714315 21.440595309406078
2147644105 5189367106 59.66282620096806
5538537817 482714364 28.181808253165045
5538537817 5649286003 19.886316308360797
1710228171 2147643710 153.78299603675157
2147644109 172358834 11.475960781739085
482714319 482714326 17.64178988174685
172225315 172225312 16.796862178535118
482714326 482714328 23.696897116280986
482714328 482714338 13.493839311619924
482714328 2147643744 11.879965926328927
1710228186 1710228196 46.49878720564409
729711324 729711280 33.66258685615918
729711324 653810622 15.684561243111443
482714338 482714328 13.493839311619924
482714338 1710228405 41.971233246468124
1710228196 482726790 44.62676902642782
5538678225 5538678226 4.087282615748207
482714345 1710228405 7.673706517723548
482714345 482714348 19.011626920108686
482714348 482714345 19.011626920108686
482714348 1710228402 14.754214902019786
482714351 1710228397 14.903692118142141
482714351 482714355 16.47936084532603
3730498289 482714312 19.663966152679993
482714355 482714351 16.47936084532603
482714355 482714358 19.116278234551018
482714358 482714355 19.116278234551018
482714358 1710228348 15.600792848149194
5854186281 653847447 56.788490861208814
482714361 1710228348 14.03820661160707
482714361 1710228335 15.551687828994817
1710228220 2148775566 6.21977745102465
1710228221 1710228220 5.269932718440681
482714367 5649286004 22.810541091764094
482714367 482714370 59.746159822713075
4370141953 482714261 42.65827574411145
4370141953 482714258 41.091164084683065
482714370 482714367 59.746159822713075
482714370 2148775574 83.16430884031091
4370141955 801862629 5.513819894162258
172225285 3729890221 113.21104865837414
172225286 6052092327 20.32361988629906
172225288 6009727207 11.6001335196638
653847340 5534707496 28.43666874063096
172225290 172225288 12.152104290373593
172225292 172225290 11.4977330131827
172225294 172225292 15.388389580052142
1710228241 172736591 69.5453861081044
1710228241 1710228238 20.946150169031807
172225300 172225297 13.585913147725549
2147644181 801862627 57.55856801987917
172225303 172225300 15.371276908767465
172225306 172225303 15.38467751984222
2147644188 5814410584 37.7174130941585
172668769 1825881122 19.56967529028373
2147644192 2147644188 41.37901287476552
1710228259 172175856 56.21525437291982
172897062 172897066 16.347325312543347
172897062 3627440051 6.633476454097454
172897062 6052091471 6.368758274682874
172225319 172225315 19.615405460377232
172225320 172225319 23.5628238590881
172225321 172225320 10.053130081058404
172897066 4614310444 2.734045849024299
172225323 3729890204 9.441360295986527
172897068 6052092357 10.50791397456139
3799202610 5649286003 18.600193214549606
3799202610 5649285998 6.63047450222038
172897070 6052092355 18.459378326313907
172897072 3627440206 12.568969950943387
172897073 1805364136 15.315395097880714
172897074 1805364136 15.803245512380764
172897074 1805458745 12.779459492381642
172897076 1805394945 12.786363028096014
172897076 172897078 16.434662236571704
172897078 172897076 16.434662236571704
172897078 172897080 10.21823857154095
172897080 172897078 10.21823857154095
172897080 172897088 10.000868575574588
1710228276 5189366032 73.98010747319336
1710228276 2147643710 48.457051657901445
3799202613 2147643843 58.0120476322995
3799202613 3799202614 141.353443790349
172897088 172897080 10.000868575574588
172897088 172897093 5.203175972995937
172897093 172897088 5.203175972995937
172897093 172897099 10.101670783008391
172897099 172897093 10.101670783008391
172897099 1805364143 8.022325980363535
172897100 5425496872 26.336388554493148
172897100 172897101 10.907856362623729
172897101 172897100 10.907856362623729
172897101 172897102 10.873874759102542
172897102 172897101 10.873874759102542
172897102 172897104 5.419920280802861
172897104 172897102 5.419920280802861
172897104 172897106 5.452197314375234
172897106 172897104 5.452197314375234
172897106 172897108 6.177410361524971
172897108 172897106 6.177410361524971
172897108 172897111 4.953957886231634
172897111 172897108 4.953957886231634
172897111 172897113 9.989060489143412
172897113 172897111 9.989060489143412
172897113 172897116 4.952064111460204
172897116 172897113 4.952064111460204
172897116 172897119 7.3184369987238185
172897119 172897116 7.3184369987238185
172897119 1868077983 38.708307927919954
172897122 1868077983 97.63284063482736
172897122 172897125 8.25881511669846
3799202619 2147643851 8.598606747090498
172897125 172897122 8.25881511669846
172897125 1804657465 13.75719597279115
172897127 1804657465 9.23754852497365
172897127 172897129 7.8247850074473355
172897129 3627440241 12.577641260765944
172897129 172897127 7.8247850074473355
5649285998 3799202610 6.63047450222038
5649285998 5649286004 23.83066645199029
1710228335 482714361 15.551687828994817
1710228335 482714364 14.527833718872332
172897137 1804645376 42.34509569752587
172897137 172897140 11.426853418259238
5649286003 5538537817 19.886316308360797
5649286003 3799202610 18.600193214549606
172897140 172897137 11.426853418259238
172897140 172897141 11.327034186959894
172897141 172897140 11.327034186959894
172897141 172897142 11.426060524100462
172897142 172897141 11.426060524100462
172897142 172897144 15.090127880601655
482710391 4565612429 9.124853877617225
172897144 172897142 15.090127880601655
172897144 172897147 154.92925705795992
172668772 172668775 20.888323227048094
172897147 172897144 154.92925705795992
172897147 172897150 10.34536225912261
1710228348 482714358 15.600792848149194
1710228348 482714361 14.03820661160707
172897150 172897147 10.34536225912261
172897150 172897153 5.168412996278945
172897153 172897150 5.168412996278945
172897153 172897156 4.794697998573713
5828705038 2147643770 66.33132656433129
172897156 172897153 4.794697998573713
172897156 172897159 10.30784544610253
482726790 2148775576 58.66021995384611
482726790 2148775568 8.096834195181332
172897159 172897156 10.30784544610253
172897159 172897162 7.674858493471826
172897162 172897159 7.674858493471826
172897162 1806800183 77.0007628424302
172897163 1806800183 13.687700616781026
172897163 784540185 31.37226302325697
172897165 784540185 5.231621651031366
172897165 172228408 65.41221154578022
172897167 1806268028 142.25579786248503
172897167 3709683445 41.71207629688318
172897168 3709683445 86.26045487216705
172897168 172897169 58.91193161184491
172897169 172897168 58.91193161184491
172897169 172668868 46.19968004518905
172897170 172668868 10.10284579375719
172897170 172897171 13.683752378208817
172897171 172897170 13.683752378208817
172897171 172897172 47.59123330496412
172897172 172897171 47.59123330496412
172897172 3709716380 18.63313036686126
172897173 3709716380 13.24637273448948
172897173 3709716379 69.30340073279608
172897176 3709716379 9.451871130574206
172897176 172897178 34.960975209188845
172897178 172897176 34.960975209188845
172897178 172897180 19.50686159092265
5850641307 172767311 10.609452260026128
5850641307 1710227808 5.3495994280447485
172897180 172897178 19.50686159092265
172897180 172897182 12.127041805381968
5649274487 2147643890 77.74699354207829
172897182 172897180 12.127041805381968
172897182 2902023892 12.397250607123011
172897184 2902023892 29.964229244203242
172897184 172897186 45.702834264303846
172897186 172897184 45.702834264303846
172897186 172897189 25.262593397997797
172897189 172897186 25.262593397997797
172897189 172897191 57.853801488701556
172897191 172897189 57.853801488701556
172897191 172897193 78.52859629666848
172897193 172897191 78.52859629666848
172897193 172579719 12.890185884250561
172897194 172579719 17.977430266557892
172897194 172897196 162.92482552416624
172897196 172897194 162.92482552416624
172897196 172143998 20.968298263338962
172897197 172893855 87.15001186334237
172897197 172897198 48.41989085413735
172897198 172897197 48.41989085413735
172897198 172419443 36.321779404410044
1710228402 482714348 14.754214902019786
1710228402 1710228397 13.507216072432996
172668826 172668827 54.96266120770686
1710228405 482714338 41.971233246468124
1710228405 482714345 7.673706517723548
172286903 172286906 23.391857360264197
172286906 172286903 23.391857360264197
172286906 172286908 13.965808908970162
172286908 172286906 13.965808908970162
172286908 172286911 13.730342237274119
3799202634 3799202619 18.595857473605584
172286911 172286908 13.730342237274119
172286911 172286914 16.356098109939822
172286914 172286911 16.356098109939822
172286914 172286919 15.720784793897906
1833752414 1833752413 20.928308780954307
172286919 172286914 15.720784793897906
5423858634 4565612429 35.44162588541956
5423858634 4565612430 13.589979972722197
172668775 172668778 24.496241135197977
653857748 653847450 76.24161135739553
172772174 172772178 17.639977515308402
801862617 801862620 60.27717456995238
801862620 2147644192 24.268881701196502
801862627 801862628 113.03273275589247
801862628 4370141955 5.764997540234158
801862629 801862630 220.245795933305
801862630 2147644109 10.280132002124326
1805394923 4510506108 196.58696570575768
5728134127 172263265 22.885381611168867
5728134128 653847442 194.41552118085608
1805394929 653847006 12.617025975493
4493122552 4493122551 27.47798183703207
4493122552 4493122553 28.867024340817117
5649396726 5649387277 32.41208167895126
5649396726 172767225 36.32610915907898
3627440088 3627440089 8.494490234568012
172890965 5616812343 64.44008911543705
1804645376 172897137 42.34509569752587
1804645376 3627440245 18.05588447693328
1805394945 1805364138 4.40197477464521
1805394945 172897076 12.786363028096014
6009727204 6009727201 9.49815817550553
172890967 1803480639 16.219780567820305
172141400 172141399 7.100134151030178
172155927 172367642 279.2775947766104
653857818 172218996 38.808951782138095
653857818 5854187888 114.08494288480553
1833752438 1833752436 55.87471009418322
2129718107 1807636748 3.335854495638738
2129718107 172228410 8.22057604321473
3709716380 172897172 18.63313036686126
3709716380 172897173 13.24637273448948
653847389 653847395 137.65681352773436
4493122554 4493122553 32.25441993787097
4493122554 4493122555 35.12823493948347
5728085049 653847429 6.849109502446026
5728085050 653847433 21.434403962195535
172772191 172772194 15.53301670541048
5616812352 5616811419 71.41267329065116
172772129 172772131 18.79546618146456
5649396807 482714269 28.864214018697226
5649396807 482714266 22.729034473742082
5649396808 482714289 23.634491399596754
5649396808 482714282 12.725333739443673
5538678285 5538678224 2.0947964591830863
172141411 172141409 14.567623278194356
6009730136 653847030 109.68786071787531
5795083353 653847110 113.41575613197435
5795083353 172657336 27.846178433402482
6009730138 6009730137 3.8571866467235707
6009730139 6009730138 10.353891692988348
6009730140 6009730139 20.554723942891886
6009730141 172668701 8.707941062157042
6009730141 6009730140 24.00984152251639
172627038 172627041 13.820900235026588
172627038 172668710 21.015722987466237
172627038 172668708 60.29444897662592
6009730143 6009730142 8.987499282459137
6009730144 6009730143 10.084725099467573
172627041 172627038 13.820900235026588
172627041 172627044 24.505167719004735
6009730146 6009730145 13.923503212992022
6009730147 6009730152 64.52640489725131
6009730147 6009730146 34.028403229665116
172627044 172627041 24.505167719004735
172627044 172627047 25.324473729486943
6009730149 6009730150 16.50540239679449
6009730150 172668708 102.57328407422963
6009730150 172668706 16.92119465253176
172627047 172627044 25.324473729486943
172627047 172627050 14.90437337542447
6009730152 653847028 18.999079951657528
6009730152 6009730142 32.557780945695654
172627050 172627047 14.90437337542447
172627050 172627053 7.3852896879754235
5614445676 5786045022 153.9060375594954
5614445676 5534707488 79.39931720585683
172627053 172627050 7.3852896879754235
172627053 172627056 13.702313275161444
172627056 172627053 13.702313275161444
172627056 172627059 12.22173617770417
172627059 172627056 12.22173617770417
172627059 4363571121 5.852308431355943
172131444 172131446 45.200663155846904
172131444 172736573 56.66890251707898
172627062 4363571121 6.633175077221233
172627062 172627065 6.4840692899565715
172131448 2148775538 19.102788481119827
172627065 172627062 6.4840692899565715
172627065 172627067 12.876209663851332
172147834 172218935 61.20689386020768
172147834 172218937 6.838574440041729
172627067 172627065 12.876209663851332
172627067 172627071 12.546240915729182
172131452 172131454 26.26898896738285
172131454 172131456 23.467463029989887
172627071 172627067 12.546240915729182
172627071 172627074 8.588644988344647
172131456 172131457 117.36275520313328
172131457 172131458 23.522497124166982
172627074 172627071 8.588644988344647
172627074 172627077 43.157579975207085
172131459 2148775523 15.062116661855216
172131460 172131463 9.66383017548671
172627077 172627074 43.157579975207085
172627077 172627080 11.511367164392993
172131463 2148775521 15.438604982559587
172627080 172627077 11.511367164392993
172627080 172627083 5.843974620166459
172131465 172131467 24.22961925774671
172627083 172627080 5.843974620166459
172627083 172627086 10.744290187337114
172627086 172627083 10.744290187337114
172627086 172627089 10.04768050677592
172627089 172627086 10.04768050677592
172627089 172627094 6.067934453104423
172627094 172627089 6.067934453104423
172627094 172627097 8.493347118845076
172627097 172627094 8.493347118845076
172627097 172627100 31.47677311546693
172627100 172627097 31.47677311546693
172627100 172627103 70.98144063939723
172627103 172627100 70.98144063939723
172627103 172627109 11.086982675935037
6009730145 6009730144 7.60436377646646
172772208 2147643817 17.82370653518886
172627109 172627103 11.086982675935037
172627109 172627114 10.5977864889878
4493122558 4854194050 35.05719181338323
4493122558 482708522 57.65423157383515
172627114 172627109 10.5977864889878
172627114 172627117 5.644926007730886
172627117 172627114 5.644926007730886
172627117 172627120 5.794397525544846
172627120 172627117 5.794397525544846
172627120 172627123 5.725768720208033
172627123 172627120 5.725768720208033
172627123 172627125 5.979680335557429
172627125 172627123 5.979680335557429
172627125 172627128 6.88894960872122
172627128 172627125 6.88894960872122
172627128 172627130 8.581195620083776
5649286004 5649285998 23.83066645199029
5649286004 482714367 22.810541091764094
172627130 172627128 8.581195620083776
172627130 4059852157 5.978140523448859
172627133 4059852157 35.02614327550708
172627133 172627135 49.559869405370385
482710389 6052092320 9.467390538093788
482710390 6052092312 12.122118665824324
653847417 653847423 27.247708008200195
172311777 172336524 98.41306582207312
172311777 5785797016 18.572018436685333
2129814754 1863556095 8.28883389178124
2129814754 1863560186 8.986593806958963
2129814755 1863560186 6.876094223993716
2129814755 1808960712 38.414462993587115
172739452 172739451 20.952860445136764
172739452 172739453 33.35402906905408
4614310422 3627440198 7.086333310754911
172739453 172739452 33.35402906905408
172739453 172739455 33.67438218455935
801862667 801862617 132.23841329245977
3702011126 1833752467 7.449197020296163
5189367032 172189019 17.7925314669585
5189367033 5189402870 5.1610069515169865
653847423 653847006 29.733342109901635
653847423 172497430 24.458229196028384
653847423 1805394923 13.724739577014898
5189367038 172358822 17.96467548003251
5189367039 5189402875 10.57666389934448
172263294 172263292 22.528026715368703
172263294 172263296 29.771563593801975
5189367046 482708457 34.30182472730487
5189367047 5189402884 10.746706686373248
6009727213 6009727212 82.24448913902879
3627440090 3729890202 8.08547426739604
3627440090 3627440091 14.614728857247327
5189366115 5189402855 5.25601380881797
5189366115 172358816 16.685943645733673
1833752426 1833752425 38.9718011186032
1806800183 172897162 77.0007628424302
1806800183 172897163 13.687700616781026
172668787 172668788 19.097615073385864
729711933 482708506 25.612535688989368
729711933 729710897 27.2745018950724
4614310447 1775112168 22.00213270576883
4614310447 4614310448 10.717668726555717
5583420755 5583420754 15.71132232583591
172263315 172263313 19.914799711692602
172263315 172263318 9.94216452726047
172189016 2147643763 86.48434293658944
172189016 2147643779 11.006074566837912
172189016 172192257 9.23039836739731
172668788 1816672566 34.07154836111928
172189019 2147643758 12.314586658246958
172189019 2147643751 2.6430322135772975
5850641297 1710227776 24.27026995537198
5728138605 172263267 33.77526026312015
5728138605 2936164807 10.32287407849352
5728138606 2936164807 17.750136565535232
6009727209 6009727206 13.906428381938495
5649274234 172192252 11.544335487127473
5649274234 5649274255 37.3537819980836
172143998 172897196 20.968298263338962
172143998 172893855 213.2075323297927
5649274248 172192231 47.611473516236096
5649274248 5649274250 119.44712019210854
5649274250 5649274248 119.44712019210854
5649274250 172192234 9.174299975364
172336524 172497433 108.83845373632631
172336524 172311777 98.41306582207312
1803480642 172890967 26.146343569339695
5649274255 5649274234 37.3537819980836
5649274255 2147643779 26.434174377622053
5649274256 172192257 16.334615026815477
5649274256 172192259 24.54679964070674
172668790 172668791 63.17218032974851
5649274262 172192259 20.595434030717836
5649274262 172192262 10.432237487450028
3729890202 3729890201 4.472737882284182
172183109 172183106 23.242524139154423
172183109 172183117 77.85163355850463
3627440203 3627440204 19.438415928356928
3729890203 3627440193 6.489281829335927
6009727217 6009727216 15.937964897277201
5649274292 172192299 11.14220237383121
5649274292 5649274301 65.82290667710383
172455356 172772103 36.794041598956646
5649274301 5649274292 65.82290667710383
5649274301 172192302 58.374290124068565
5538678209 5538678228 1.3976336868055244
5538678210 5538678211 4.052185362049299
5538678211 5538678212 4.03727700784199
5538678212 5538678218 4.051403709326892
5538678212 5583420747 7.513103371905749
5538678213 5538678214 4.09813868706228
5538678213 5583419708 4.439023130076978
172668837 172668838 27.511695634609424
5538678215 5538678216 4.095118034581966
5538678216 5538678217 4.096380686081199
5538678217 5538678222 4.087524556982903
5538678218 5538678219 4.045902738814069
5538678219 482714251 1.3572825425334807
5538678220 5538678221 4.046239760001565
5538678221 5538678213 4.055598341951679
5538678222 5538678223 4.102961475614411
5538678223 5538678285 1.9943793901854312
5538678224 5538678225 4.100999238115851
172668792 1816672586 44.735976983515314
5538678226 5538678227 4.101365591871858
5538678227 5538678209 4.094586278114351
5538678227 5583420745 7.287226502256974
5538678228 5538678210 2.648218733753271
5538678229 5538678215 1.5107385403424272
5538678230 5806792307 84.59773309741645
6052091471 3627440050 6.364965069692356
6052091471 172897062 6.368758274682874
6052091472 3627440054 6.325908471638996
6052091472 3627440055 6.336605581677745
6009727227 6009727226 8.811361839320407
6009727228 6052092322 11.549892328433472
2148775506 172736522 56.28094937564568
6009727229 6009727228 11.04984646610319
6052091475 172225321 10.925766446798729
5425493496 172415414 9.014354687633151
5425493496 6052092324 34.07858588341367
6052091476 6009727195 9.024413140846935
5425493503 1833752410 17.119417189953236
172668794 1269676745 89.25422987929399
1710228397 1710228402 13.507216072432996
1710228397 482714351 14.903692118142141
6052091480 6009727204 12.165572342725518
3627440037 3627440032 3.522002650568313
2129718103 172228416 2.774856943531219
2129718103 172228419 22.081257207344393
5538677913 2147643990 12.021434881431196
6052091430 4614310438 7.692055939970779
6052091431 3627440077 10.202290817932012
6009730151 6009730148 42.080962705687604
4614310433 3627440067 9.282023041658253
2148775492 2148775491 33.649113600697085
